{
 "cells": [
  {
   "cell_type": "markdown",
   "id": "24896b5c-cdc1-48de-91b0-0ba9031958c2",
   "metadata": {},
   "source": [
    "Decision Tree"
   ]
  },
  {
   "cell_type": "markdown",
   "id": "99431107-4c18-405c-b738-d1887ef30b6b",
   "metadata": {},
   "source": [
    "Data Exploration:"
   ]
  },
  {
   "cell_type": "code",
   "execution_count": 57,
   "id": "429b0efb-f15a-4cce-a1ee-af2dedf452f8",
   "metadata": {},
   "outputs": [],
   "source": [
    "import warnings\n",
    "warnings.filterwarnings('ignore')\n",
    "\n",
    "import pandas as pd \n",
    "import seaborn as sns \n",
    "import matplotlib.pyplot as plt\n",
    "\n",
    "from sklearn.preprocessing import StandardScaler\n",
    "from sklearn.preprocessing import LabelEncoder\n",
    "from sklearn.model_selection import train_test_split\n",
    "from sklearn.model_selection import GridSearchCV\n",
    "\n",
    "from sklearn.tree import DecisionTreeClassifier\n",
    "from sklearn.metrics import accuracy_score, classification_report,confusion_matrix,accuracy_score"
   ]
  },
  {
   "cell_type": "code",
   "execution_count": 2,
   "id": "be89aeb0-1776-4f29-bdec-4af5b003a692",
   "metadata": {},
   "outputs": [
    {
     "data": {
      "text/html": [
       "<div>\n",
       "<style scoped>\n",
       "    .dataframe tbody tr th:only-of-type {\n",
       "        vertical-align: middle;\n",
       "    }\n",
       "\n",
       "    .dataframe tbody tr th {\n",
       "        vertical-align: top;\n",
       "    }\n",
       "\n",
       "    .dataframe thead th {\n",
       "        text-align: right;\n",
       "    }\n",
       "</style>\n",
       "<table border=\"1\" class=\"dataframe\">\n",
       "  <thead>\n",
       "    <tr style=\"text-align: right;\">\n",
       "      <th></th>\n",
       "      <th>age</th>\n",
       "      <th>sex</th>\n",
       "      <th>cp</th>\n",
       "      <th>trestbps</th>\n",
       "      <th>chol</th>\n",
       "      <th>fbs</th>\n",
       "      <th>restecg</th>\n",
       "      <th>thalch</th>\n",
       "      <th>exang</th>\n",
       "      <th>oldpeak</th>\n",
       "      <th>slope</th>\n",
       "      <th>thal</th>\n",
       "      <th>num</th>\n",
       "    </tr>\n",
       "  </thead>\n",
       "  <tbody>\n",
       "    <tr>\n",
       "      <th>0</th>\n",
       "      <td>63</td>\n",
       "      <td>Male</td>\n",
       "      <td>typical angina</td>\n",
       "      <td>145</td>\n",
       "      <td>233</td>\n",
       "      <td>True</td>\n",
       "      <td>lv hypertrophy</td>\n",
       "      <td>150</td>\n",
       "      <td>FALSE</td>\n",
       "      <td>2.3</td>\n",
       "      <td>downsloping</td>\n",
       "      <td>fixed defect</td>\n",
       "      <td>0</td>\n",
       "    </tr>\n",
       "    <tr>\n",
       "      <th>1</th>\n",
       "      <td>41</td>\n",
       "      <td>Male</td>\n",
       "      <td>atypical angina</td>\n",
       "      <td>135</td>\n",
       "      <td>203</td>\n",
       "      <td>False</td>\n",
       "      <td>normal</td>\n",
       "      <td>132</td>\n",
       "      <td>FALSE</td>\n",
       "      <td>0.0</td>\n",
       "      <td>flat</td>\n",
       "      <td>fixed defect</td>\n",
       "      <td>0</td>\n",
       "    </tr>\n",
       "    <tr>\n",
       "      <th>2</th>\n",
       "      <td>57</td>\n",
       "      <td>Male</td>\n",
       "      <td>asymptomatic</td>\n",
       "      <td>140</td>\n",
       "      <td>192</td>\n",
       "      <td>False</td>\n",
       "      <td>normal</td>\n",
       "      <td>148</td>\n",
       "      <td>FALSE</td>\n",
       "      <td>0.4</td>\n",
       "      <td>flat</td>\n",
       "      <td>fixed defect</td>\n",
       "      <td>0</td>\n",
       "    </tr>\n",
       "    <tr>\n",
       "      <th>3</th>\n",
       "      <td>52</td>\n",
       "      <td>Male</td>\n",
       "      <td>typical angina</td>\n",
       "      <td>118</td>\n",
       "      <td>186</td>\n",
       "      <td>False</td>\n",
       "      <td>lv hypertrophy</td>\n",
       "      <td>190</td>\n",
       "      <td>FALSE</td>\n",
       "      <td>0.0</td>\n",
       "      <td>flat</td>\n",
       "      <td>fixed defect</td>\n",
       "      <td>0</td>\n",
       "    </tr>\n",
       "    <tr>\n",
       "      <th>4</th>\n",
       "      <td>57</td>\n",
       "      <td>Male</td>\n",
       "      <td>asymptomatic</td>\n",
       "      <td>110</td>\n",
       "      <td>201</td>\n",
       "      <td>False</td>\n",
       "      <td>normal</td>\n",
       "      <td>126</td>\n",
       "      <td>TRUE</td>\n",
       "      <td>1.5</td>\n",
       "      <td>flat</td>\n",
       "      <td>fixed defect</td>\n",
       "      <td>0</td>\n",
       "    </tr>\n",
       "    <tr>\n",
       "      <th>...</th>\n",
       "      <td>...</td>\n",
       "      <td>...</td>\n",
       "      <td>...</td>\n",
       "      <td>...</td>\n",
       "      <td>...</td>\n",
       "      <td>...</td>\n",
       "      <td>...</td>\n",
       "      <td>...</td>\n",
       "      <td>...</td>\n",
       "      <td>...</td>\n",
       "      <td>...</td>\n",
       "      <td>...</td>\n",
       "      <td>...</td>\n",
       "    </tr>\n",
       "    <tr>\n",
       "      <th>903</th>\n",
       "      <td>53</td>\n",
       "      <td>Male</td>\n",
       "      <td>asymptomatic</td>\n",
       "      <td>125</td>\n",
       "      <td>0</td>\n",
       "      <td>False</td>\n",
       "      <td>normal</td>\n",
       "      <td>120</td>\n",
       "      <td>FALSE</td>\n",
       "      <td>1.5</td>\n",
       "      <td>upsloping</td>\n",
       "      <td>reversable defect</td>\n",
       "      <td>4</td>\n",
       "    </tr>\n",
       "    <tr>\n",
       "      <th>904</th>\n",
       "      <td>62</td>\n",
       "      <td>Male</td>\n",
       "      <td>asymptomatic</td>\n",
       "      <td>166</td>\n",
       "      <td>170</td>\n",
       "      <td>False</td>\n",
       "      <td>st-t abnormality</td>\n",
       "      <td>120</td>\n",
       "      <td>TRUE</td>\n",
       "      <td>3.0</td>\n",
       "      <td>flat</td>\n",
       "      <td>fixed defect</td>\n",
       "      <td>4</td>\n",
       "    </tr>\n",
       "    <tr>\n",
       "      <th>905</th>\n",
       "      <td>56</td>\n",
       "      <td>Male</td>\n",
       "      <td>non-anginal</td>\n",
       "      <td>170</td>\n",
       "      <td>0</td>\n",
       "      <td>False</td>\n",
       "      <td>lv hypertrophy</td>\n",
       "      <td>123</td>\n",
       "      <td>TRUE</td>\n",
       "      <td>2.5</td>\n",
       "      <td>downsloping</td>\n",
       "      <td>reversable defect</td>\n",
       "      <td>4</td>\n",
       "    </tr>\n",
       "    <tr>\n",
       "      <th>906</th>\n",
       "      <td>56</td>\n",
       "      <td>Male</td>\n",
       "      <td>non-anginal</td>\n",
       "      <td>144</td>\n",
       "      <td>208</td>\n",
       "      <td>True</td>\n",
       "      <td>st-t abnormality</td>\n",
       "      <td>105</td>\n",
       "      <td>TURE</td>\n",
       "      <td>NaN</td>\n",
       "      <td>downsloping</td>\n",
       "      <td>normal</td>\n",
       "      <td>4</td>\n",
       "    </tr>\n",
       "    <tr>\n",
       "      <th>907</th>\n",
       "      <td>57</td>\n",
       "      <td>Male</td>\n",
       "      <td>asymptomatic</td>\n",
       "      <td>142</td>\n",
       "      <td>277</td>\n",
       "      <td>True</td>\n",
       "      <td>st-t abnormality</td>\n",
       "      <td>182</td>\n",
       "      <td>FALSE</td>\n",
       "      <td>NaN</td>\n",
       "      <td>flat</td>\n",
       "      <td>reversable defect</td>\n",
       "      <td>4</td>\n",
       "    </tr>\n",
       "  </tbody>\n",
       "</table>\n",
       "<p>908 rows × 13 columns</p>\n",
       "</div>"
      ],
      "text/plain": [
       "     age   sex               cp  trestbps  chol    fbs           restecg  \\\n",
       "0     63  Male   typical angina       145   233   True    lv hypertrophy   \n",
       "1     41  Male  atypical angina       135   203  False            normal   \n",
       "2     57  Male     asymptomatic       140   192  False            normal   \n",
       "3     52  Male   typical angina       118   186  False    lv hypertrophy   \n",
       "4     57  Male     asymptomatic       110   201  False            normal   \n",
       "..   ...   ...              ...       ...   ...    ...               ...   \n",
       "903   53  Male     asymptomatic       125     0  False            normal   \n",
       "904   62  Male     asymptomatic       166   170  False  st-t abnormality   \n",
       "905   56  Male      non-anginal       170     0  False    lv hypertrophy   \n",
       "906   56  Male      non-anginal       144   208   True  st-t abnormality   \n",
       "907   57  Male     asymptomatic       142   277   True  st-t abnormality   \n",
       "\n",
       "     thalch  exang  oldpeak        slope               thal  num  \n",
       "0       150  FALSE      2.3  downsloping       fixed defect    0  \n",
       "1       132  FALSE      0.0         flat       fixed defect    0  \n",
       "2       148  FALSE      0.4         flat       fixed defect    0  \n",
       "3       190  FALSE      0.0         flat       fixed defect    0  \n",
       "4       126   TRUE      1.5         flat       fixed defect    0  \n",
       "..      ...    ...      ...          ...                ...  ...  \n",
       "903     120  FALSE      1.5    upsloping  reversable defect    4  \n",
       "904     120   TRUE      3.0         flat       fixed defect    4  \n",
       "905     123   TRUE      2.5  downsloping  reversable defect    4  \n",
       "906     105   TURE      NaN  downsloping             normal    4  \n",
       "907     182  FALSE      NaN         flat  reversable defect    4  \n",
       "\n",
       "[908 rows x 13 columns]"
      ]
     },
     "execution_count": 2,
     "metadata": {},
     "output_type": "execute_result"
    }
   ],
   "source": [
    "data=pd.read_csv(r\"C:\\Users\\PRJAWAL\\OneDrive\\Desktop\\Excelr\\Assignment-13\\Decision Tree\\heart_disease.csv\")\n",
    "data"
   ]
  },
  {
   "cell_type": "code",
   "execution_count": 3,
   "id": "3ab5c59e-33ae-4dc6-ac51-08aa6ce7ef35",
   "metadata": {},
   "outputs": [
    {
     "data": {
      "text/html": [
       "<div>\n",
       "<style scoped>\n",
       "    .dataframe tbody tr th:only-of-type {\n",
       "        vertical-align: middle;\n",
       "    }\n",
       "\n",
       "    .dataframe tbody tr th {\n",
       "        vertical-align: top;\n",
       "    }\n",
       "\n",
       "    .dataframe thead th {\n",
       "        text-align: right;\n",
       "    }\n",
       "</style>\n",
       "<table border=\"1\" class=\"dataframe\">\n",
       "  <thead>\n",
       "    <tr style=\"text-align: right;\">\n",
       "      <th></th>\n",
       "      <th>age</th>\n",
       "      <th>trestbps</th>\n",
       "      <th>chol</th>\n",
       "      <th>thalch</th>\n",
       "      <th>oldpeak</th>\n",
       "      <th>num</th>\n",
       "    </tr>\n",
       "  </thead>\n",
       "  <tbody>\n",
       "    <tr>\n",
       "      <th>count</th>\n",
       "      <td>908.000000</td>\n",
       "      <td>908.000000</td>\n",
       "      <td>908.000000</td>\n",
       "      <td>908.000000</td>\n",
       "      <td>846.000000</td>\n",
       "      <td>908.000000</td>\n",
       "    </tr>\n",
       "    <tr>\n",
       "      <th>mean</th>\n",
       "      <td>53.791850</td>\n",
       "      <td>133.430617</td>\n",
       "      <td>201.484581</td>\n",
       "      <td>135.957048</td>\n",
       "      <td>0.891253</td>\n",
       "      <td>1.008811</td>\n",
       "    </tr>\n",
       "    <tr>\n",
       "      <th>std</th>\n",
       "      <td>9.158031</td>\n",
       "      <td>20.401608</td>\n",
       "      <td>112.097949</td>\n",
       "      <td>26.804929</td>\n",
       "      <td>1.093875</td>\n",
       "      <td>1.144436</td>\n",
       "    </tr>\n",
       "    <tr>\n",
       "      <th>min</th>\n",
       "      <td>29.000000</td>\n",
       "      <td>0.000000</td>\n",
       "      <td>0.000000</td>\n",
       "      <td>60.000000</td>\n",
       "      <td>-2.600000</td>\n",
       "      <td>0.000000</td>\n",
       "    </tr>\n",
       "    <tr>\n",
       "      <th>25%</th>\n",
       "      <td>47.750000</td>\n",
       "      <td>120.000000</td>\n",
       "      <td>176.750000</td>\n",
       "      <td>118.000000</td>\n",
       "      <td>0.000000</td>\n",
       "      <td>0.000000</td>\n",
       "    </tr>\n",
       "    <tr>\n",
       "      <th>50%</th>\n",
       "      <td>54.000000</td>\n",
       "      <td>130.000000</td>\n",
       "      <td>224.000000</td>\n",
       "      <td>138.000000</td>\n",
       "      <td>0.500000</td>\n",
       "      <td>1.000000</td>\n",
       "    </tr>\n",
       "    <tr>\n",
       "      <th>75%</th>\n",
       "      <td>60.000000</td>\n",
       "      <td>144.000000</td>\n",
       "      <td>270.000000</td>\n",
       "      <td>156.000000</td>\n",
       "      <td>1.500000</td>\n",
       "      <td>2.000000</td>\n",
       "    </tr>\n",
       "    <tr>\n",
       "      <th>max</th>\n",
       "      <td>77.000000</td>\n",
       "      <td>200.000000</td>\n",
       "      <td>603.000000</td>\n",
       "      <td>202.000000</td>\n",
       "      <td>6.200000</td>\n",
       "      <td>4.000000</td>\n",
       "    </tr>\n",
       "  </tbody>\n",
       "</table>\n",
       "</div>"
      ],
      "text/plain": [
       "              age    trestbps        chol      thalch     oldpeak         num\n",
       "count  908.000000  908.000000  908.000000  908.000000  846.000000  908.000000\n",
       "mean    53.791850  133.430617  201.484581  135.957048    0.891253    1.008811\n",
       "std      9.158031   20.401608  112.097949   26.804929    1.093875    1.144436\n",
       "min     29.000000    0.000000    0.000000   60.000000   -2.600000    0.000000\n",
       "25%     47.750000  120.000000  176.750000  118.000000    0.000000    0.000000\n",
       "50%     54.000000  130.000000  224.000000  138.000000    0.500000    1.000000\n",
       "75%     60.000000  144.000000  270.000000  156.000000    1.500000    2.000000\n",
       "max     77.000000  200.000000  603.000000  202.000000    6.200000    4.000000"
      ]
     },
     "execution_count": 3,
     "metadata": {},
     "output_type": "execute_result"
    }
   ],
   "source": [
    "data.describe()"
   ]
  },
  {
   "cell_type": "code",
   "execution_count": 4,
   "id": "2e29bc2e-42dd-4ae4-9409-f68d504c86bb",
   "metadata": {},
   "outputs": [
    {
     "name": "stdout",
     "output_type": "stream",
     "text": [
      "<class 'pandas.core.frame.DataFrame'>\n",
      "RangeIndex: 908 entries, 0 to 907\n",
      "Data columns (total 13 columns):\n",
      " #   Column    Non-Null Count  Dtype  \n",
      "---  ------    --------------  -----  \n",
      " 0   age       908 non-null    int64  \n",
      " 1   sex       908 non-null    object \n",
      " 2   cp        908 non-null    object \n",
      " 3   trestbps  908 non-null    int64  \n",
      " 4   chol      908 non-null    int64  \n",
      " 5   fbs       908 non-null    bool   \n",
      " 6   restecg   908 non-null    object \n",
      " 7   thalch    908 non-null    int64  \n",
      " 8   exang     908 non-null    object \n",
      " 9   oldpeak   846 non-null    float64\n",
      " 10  slope     908 non-null    object \n",
      " 11  thal      908 non-null    object \n",
      " 12  num       908 non-null    int64  \n",
      "dtypes: bool(1), float64(1), int64(5), object(6)\n",
      "memory usage: 86.1+ KB\n"
     ]
    }
   ],
   "source": [
    "data.info()"
   ]
  },
  {
   "cell_type": "code",
   "execution_count": 5,
   "id": "3f31c1df-224a-43f3-ad35-8aef89c2ff52",
   "metadata": {},
   "outputs": [
    {
     "data": {
      "text/plain": [
       "Index(['age', 'sex', 'cp', 'trestbps', 'chol', 'fbs', 'restecg', 'thalch',\n",
       "       'exang', 'oldpeak', 'slope', 'thal', 'num'],\n",
       "      dtype='object')"
      ]
     },
     "execution_count": 5,
     "metadata": {},
     "output_type": "execute_result"
    }
   ],
   "source": [
    "data.columns"
   ]
  },
  {
   "cell_type": "code",
   "execution_count": 6,
   "id": "b854e6f4-c789-471d-8697-1e205da1960d",
   "metadata": {},
   "outputs": [
    {
     "data": {
      "text/plain": [
       "age           int64\n",
       "sex          object\n",
       "cp           object\n",
       "trestbps      int64\n",
       "chol          int64\n",
       "fbs            bool\n",
       "restecg      object\n",
       "thalch        int64\n",
       "exang        object\n",
       "oldpeak     float64\n",
       "slope        object\n",
       "thal         object\n",
       "num           int64\n",
       "dtype: object"
      ]
     },
     "execution_count": 6,
     "metadata": {},
     "output_type": "execute_result"
    }
   ],
   "source": [
    "data.dtypes"
   ]
  },
  {
   "cell_type": "code",
   "execution_count": 39,
   "id": "c4923efc-0b74-4c10-8bc4-5880a25d74d2",
   "metadata": {},
   "outputs": [
    {
     "data": {
      "text/plain": [
       "age          0\n",
       "sex          0\n",
       "cp           0\n",
       "trestbps     0\n",
       "chol         0\n",
       "fbs          0\n",
       "restecg      0\n",
       "thalch       0\n",
       "exang        0\n",
       "oldpeak     62\n",
       "slope        0\n",
       "thal         0\n",
       "num          0\n",
       "dtype: int64"
      ]
     },
     "execution_count": 39,
     "metadata": {},
     "output_type": "execute_result"
    }
   ],
   "source": [
    "data.isnull().sum()"
   ]
  },
  {
   "cell_type": "code",
   "execution_count": 40,
   "id": "0236baa6-7692-4197-875c-d088e40d0ad5",
   "metadata": {},
   "outputs": [],
   "source": [
    "data.dropna(inplace=True)"
   ]
  },
  {
   "cell_type": "code",
   "execution_count": 41,
   "id": "f6223885-8eff-4681-87b3-f0aa507224d8",
   "metadata": {},
   "outputs": [],
   "source": [
    "data.drop_duplicates(inplace=True)"
   ]
  },
  {
   "cell_type": "code",
   "execution_count": 42,
   "id": "5b7bae8a-be44-46c2-980a-b9af9e1a007e",
   "metadata": {},
   "outputs": [
    {
     "data": {
      "text/html": [
       "<div>\n",
       "<style scoped>\n",
       "    .dataframe tbody tr th:only-of-type {\n",
       "        vertical-align: middle;\n",
       "    }\n",
       "\n",
       "    .dataframe tbody tr th {\n",
       "        vertical-align: top;\n",
       "    }\n",
       "\n",
       "    .dataframe thead th {\n",
       "        text-align: right;\n",
       "    }\n",
       "</style>\n",
       "<table border=\"1\" class=\"dataframe\">\n",
       "  <thead>\n",
       "    <tr style=\"text-align: right;\">\n",
       "      <th></th>\n",
       "      <th>age</th>\n",
       "      <th>sex</th>\n",
       "      <th>cp</th>\n",
       "      <th>trestbps</th>\n",
       "      <th>chol</th>\n",
       "      <th>fbs</th>\n",
       "      <th>restecg</th>\n",
       "      <th>thalch</th>\n",
       "      <th>exang</th>\n",
       "      <th>oldpeak</th>\n",
       "      <th>slope</th>\n",
       "      <th>thal</th>\n",
       "      <th>num</th>\n",
       "    </tr>\n",
       "  </thead>\n",
       "  <tbody>\n",
       "    <tr>\n",
       "      <th>age</th>\n",
       "      <td>1.000000</td>\n",
       "      <td>0.036024</td>\n",
       "      <td>-0.091885</td>\n",
       "      <td>0.243915</td>\n",
       "      <td>-0.107575</td>\n",
       "      <td>0.177026</td>\n",
       "      <td>-0.037690</td>\n",
       "      <td>-0.345681</td>\n",
       "      <td>0.192967</td>\n",
       "      <td>0.243280</td>\n",
       "      <td>-0.051361</td>\n",
       "      <td>0.074146</td>\n",
       "      <td>0.331071</td>\n",
       "    </tr>\n",
       "    <tr>\n",
       "      <th>sex</th>\n",
       "      <td>0.036024</td>\n",
       "      <td>1.000000</td>\n",
       "      <td>-0.140694</td>\n",
       "      <td>-0.002662</td>\n",
       "      <td>-0.201182</td>\n",
       "      <td>0.075313</td>\n",
       "      <td>0.055863</td>\n",
       "      <td>-0.175835</td>\n",
       "      <td>0.181764</td>\n",
       "      <td>0.102973</td>\n",
       "      <td>-0.047406</td>\n",
       "      <td>0.047756</td>\n",
       "      <td>0.259206</td>\n",
       "    </tr>\n",
       "    <tr>\n",
       "      <th>cp</th>\n",
       "      <td>-0.091885</td>\n",
       "      <td>-0.140694</td>\n",
       "      <td>1.000000</td>\n",
       "      <td>-0.019207</td>\n",
       "      <td>0.070529</td>\n",
       "      <td>-0.033356</td>\n",
       "      <td>-0.105577</td>\n",
       "      <td>0.292492</td>\n",
       "      <td>-0.375858</td>\n",
       "      <td>-0.177378</td>\n",
       "      <td>0.096976</td>\n",
       "      <td>-0.016288</td>\n",
       "      <td>-0.332296</td>\n",
       "    </tr>\n",
       "    <tr>\n",
       "      <th>trestbps</th>\n",
       "      <td>0.243915</td>\n",
       "      <td>-0.002662</td>\n",
       "      <td>-0.019207</td>\n",
       "      <td>1.000000</td>\n",
       "      <td>0.100805</td>\n",
       "      <td>0.098835</td>\n",
       "      <td>0.025255</td>\n",
       "      <td>-0.108671</td>\n",
       "      <td>0.152406</td>\n",
       "      <td>0.168160</td>\n",
       "      <td>0.008632</td>\n",
       "      <td>0.029576</td>\n",
       "      <td>0.125304</td>\n",
       "    </tr>\n",
       "    <tr>\n",
       "      <th>chol</th>\n",
       "      <td>-0.107575</td>\n",
       "      <td>-0.201182</td>\n",
       "      <td>0.070529</td>\n",
       "      <td>0.100805</td>\n",
       "      <td>1.000000</td>\n",
       "      <td>-0.123664</td>\n",
       "      <td>-0.208166</td>\n",
       "      <td>0.224663</td>\n",
       "      <td>-0.039502</td>\n",
       "      <td>0.030052</td>\n",
       "      <td>0.049388</td>\n",
       "      <td>-0.094876</td>\n",
       "      <td>-0.256476</td>\n",
       "    </tr>\n",
       "    <tr>\n",
       "      <th>fbs</th>\n",
       "      <td>0.177026</td>\n",
       "      <td>0.075313</td>\n",
       "      <td>-0.033356</td>\n",
       "      <td>0.098835</td>\n",
       "      <td>-0.123664</td>\n",
       "      <td>1.000000</td>\n",
       "      <td>0.027196</td>\n",
       "      <td>-0.061784</td>\n",
       "      <td>0.011944</td>\n",
       "      <td>0.023915</td>\n",
       "      <td>-0.042744</td>\n",
       "      <td>-0.005419</td>\n",
       "      <td>0.138187</td>\n",
       "    </tr>\n",
       "    <tr>\n",
       "      <th>restecg</th>\n",
       "      <td>-0.037690</td>\n",
       "      <td>0.055863</td>\n",
       "      <td>-0.105577</td>\n",
       "      <td>0.025255</td>\n",
       "      <td>-0.208166</td>\n",
       "      <td>0.027196</td>\n",
       "      <td>1.000000</td>\n",
       "      <td>-0.181563</td>\n",
       "      <td>0.061681</td>\n",
       "      <td>-0.031954</td>\n",
       "      <td>-0.101629</td>\n",
       "      <td>-0.121181</td>\n",
       "      <td>0.003822</td>\n",
       "    </tr>\n",
       "    <tr>\n",
       "      <th>thalch</th>\n",
       "      <td>-0.345681</td>\n",
       "      <td>-0.175835</td>\n",
       "      <td>0.292492</td>\n",
       "      <td>-0.108671</td>\n",
       "      <td>0.224663</td>\n",
       "      <td>-0.061784</td>\n",
       "      <td>-0.181563</td>\n",
       "      <td>1.000000</td>\n",
       "      <td>-0.349293</td>\n",
       "      <td>-0.140423</td>\n",
       "      <td>0.249861</td>\n",
       "      <td>-0.016041</td>\n",
       "      <td>-0.349815</td>\n",
       "    </tr>\n",
       "    <tr>\n",
       "      <th>exang</th>\n",
       "      <td>0.192967</td>\n",
       "      <td>0.181764</td>\n",
       "      <td>-0.375858</td>\n",
       "      <td>0.152406</td>\n",
       "      <td>-0.039502</td>\n",
       "      <td>0.011944</td>\n",
       "      <td>0.061681</td>\n",
       "      <td>-0.349293</td>\n",
       "      <td>1.000000</td>\n",
       "      <td>0.387260</td>\n",
       "      <td>-0.161647</td>\n",
       "      <td>0.035398</td>\n",
       "      <td>0.384592</td>\n",
       "    </tr>\n",
       "    <tr>\n",
       "      <th>oldpeak</th>\n",
       "      <td>0.243280</td>\n",
       "      <td>0.102973</td>\n",
       "      <td>-0.177378</td>\n",
       "      <td>0.168160</td>\n",
       "      <td>0.030052</td>\n",
       "      <td>0.023915</td>\n",
       "      <td>-0.031954</td>\n",
       "      <td>-0.140423</td>\n",
       "      <td>0.387260</td>\n",
       "      <td>1.000000</td>\n",
       "      <td>-0.194242</td>\n",
       "      <td>0.055813</td>\n",
       "      <td>0.438834</td>\n",
       "    </tr>\n",
       "    <tr>\n",
       "      <th>slope</th>\n",
       "      <td>-0.051361</td>\n",
       "      <td>-0.047406</td>\n",
       "      <td>0.096976</td>\n",
       "      <td>0.008632</td>\n",
       "      <td>0.049388</td>\n",
       "      <td>-0.042744</td>\n",
       "      <td>-0.101629</td>\n",
       "      <td>0.249861</td>\n",
       "      <td>-0.161647</td>\n",
       "      <td>-0.194242</td>\n",
       "      <td>1.000000</td>\n",
       "      <td>0.013625</td>\n",
       "      <td>-0.165066</td>\n",
       "    </tr>\n",
       "    <tr>\n",
       "      <th>thal</th>\n",
       "      <td>0.074146</td>\n",
       "      <td>0.047756</td>\n",
       "      <td>-0.016288</td>\n",
       "      <td>0.029576</td>\n",
       "      <td>-0.094876</td>\n",
       "      <td>-0.005419</td>\n",
       "      <td>-0.121181</td>\n",
       "      <td>-0.016041</td>\n",
       "      <td>0.035398</td>\n",
       "      <td>0.055813</td>\n",
       "      <td>0.013625</td>\n",
       "      <td>1.000000</td>\n",
       "      <td>0.123222</td>\n",
       "    </tr>\n",
       "    <tr>\n",
       "      <th>num</th>\n",
       "      <td>0.331071</td>\n",
       "      <td>0.259206</td>\n",
       "      <td>-0.332296</td>\n",
       "      <td>0.125304</td>\n",
       "      <td>-0.256476</td>\n",
       "      <td>0.138187</td>\n",
       "      <td>0.003822</td>\n",
       "      <td>-0.349815</td>\n",
       "      <td>0.384592</td>\n",
       "      <td>0.438834</td>\n",
       "      <td>-0.165066</td>\n",
       "      <td>0.123222</td>\n",
       "      <td>1.000000</td>\n",
       "    </tr>\n",
       "  </tbody>\n",
       "</table>\n",
       "</div>"
      ],
      "text/plain": [
       "               age       sex        cp  trestbps      chol       fbs  \\\n",
       "age       1.000000  0.036024 -0.091885  0.243915 -0.107575  0.177026   \n",
       "sex       0.036024  1.000000 -0.140694 -0.002662 -0.201182  0.075313   \n",
       "cp       -0.091885 -0.140694  1.000000 -0.019207  0.070529 -0.033356   \n",
       "trestbps  0.243915 -0.002662 -0.019207  1.000000  0.100805  0.098835   \n",
       "chol     -0.107575 -0.201182  0.070529  0.100805  1.000000 -0.123664   \n",
       "fbs       0.177026  0.075313 -0.033356  0.098835 -0.123664  1.000000   \n",
       "restecg  -0.037690  0.055863 -0.105577  0.025255 -0.208166  0.027196   \n",
       "thalch   -0.345681 -0.175835  0.292492 -0.108671  0.224663 -0.061784   \n",
       "exang     0.192967  0.181764 -0.375858  0.152406 -0.039502  0.011944   \n",
       "oldpeak   0.243280  0.102973 -0.177378  0.168160  0.030052  0.023915   \n",
       "slope    -0.051361 -0.047406  0.096976  0.008632  0.049388 -0.042744   \n",
       "thal      0.074146  0.047756 -0.016288  0.029576 -0.094876 -0.005419   \n",
       "num       0.331071  0.259206 -0.332296  0.125304 -0.256476  0.138187   \n",
       "\n",
       "           restecg    thalch     exang   oldpeak     slope      thal       num  \n",
       "age      -0.037690 -0.345681  0.192967  0.243280 -0.051361  0.074146  0.331071  \n",
       "sex       0.055863 -0.175835  0.181764  0.102973 -0.047406  0.047756  0.259206  \n",
       "cp       -0.105577  0.292492 -0.375858 -0.177378  0.096976 -0.016288 -0.332296  \n",
       "trestbps  0.025255 -0.108671  0.152406  0.168160  0.008632  0.029576  0.125304  \n",
       "chol     -0.208166  0.224663 -0.039502  0.030052  0.049388 -0.094876 -0.256476  \n",
       "fbs       0.027196 -0.061784  0.011944  0.023915 -0.042744 -0.005419  0.138187  \n",
       "restecg   1.000000 -0.181563  0.061681 -0.031954 -0.101629 -0.121181  0.003822  \n",
       "thalch   -0.181563  1.000000 -0.349293 -0.140423  0.249861 -0.016041 -0.349815  \n",
       "exang     0.061681 -0.349293  1.000000  0.387260 -0.161647  0.035398  0.384592  \n",
       "oldpeak  -0.031954 -0.140423  0.387260  1.000000 -0.194242  0.055813  0.438834  \n",
       "slope    -0.101629  0.249861 -0.161647 -0.194242  1.000000  0.013625 -0.165066  \n",
       "thal     -0.121181 -0.016041  0.035398  0.055813  0.013625  1.000000  0.123222  \n",
       "num       0.003822 -0.349815  0.384592  0.438834 -0.165066  0.123222  1.000000  "
      ]
     },
     "execution_count": 42,
     "metadata": {},
     "output_type": "execute_result"
    }
   ],
   "source": [
    "data.corr(numeric_only=True)"
   ]
  },
  {
   "cell_type": "code",
   "execution_count": 43,
   "id": "aaab0525-f805-4a4c-a5aa-487683dcd5fb",
   "metadata": {},
   "outputs": [
    {
     "data": {
      "text/plain": [
       "<Axes: >"
      ]
     },
     "execution_count": 43,
     "metadata": {},
     "output_type": "execute_result"
    },
    {
     "data": {
